1 S19 736 6 S50 653 831 S6 147 471 S13 417 272 S26 110 97 S44 935 207 6 15 22
2 S39 712 826 S35 600 738 S27 909 366 S12 171 641 S19 736 6 S34 765 925 S22 94 210 S30 76 70 54 8 81
3 S36 341 75 S35 600 738 S3 791 545 S28 425 855 9 22 31
4 S3 791 545 S30 76 70 S21 571 698 S10 38 760 S49 693 595 34 7 81
5 S42 335 540 S41 460 115 S16 815 774 S38 674 920 S26 110 97 S35 600 738 40 10 82
6 S25 212 173 S45 953 513 S47 964 646 S33 966 228 S18 118 2 S21 571 698 S4 859 926 S20 519 805 10 19 21
7 S27 909 366 S39 712 826 S40 459 973 S43 107 219 S8 646 382 S17 444 822 S2 342 56 57 6 60
8 S29 626 948 S36 341 75 S31 300 192 S13 417 272 10 25 26
9 S11 859 206 S37 465 353 S48 947 169 S1 810 444 S2 342 56 S23 1000 197 S24 733 155 39 5 66
10 S41 460 115 S46 626 71 S7 375 592 S5 358 273 S14 850 445 S9 974 582 S15 172 937 41 9 82
11 S36 341 75 S44 935 207 S48 947 169 S35 600 738 S40 459 973 S32 213 894 47 3 83
12 S5 358 273 S9 974 582 S29 626 948 S36 341 75 S18 118 2 S19 736 6 S3 791 545 S2 342 56 7 30 33
13 S22 94 210 S11 859 206 S10 38 760 S32 213 894 S19 736 6 40 3 92
14 S17 444 822 S38 674 920 S13 417 272 S1 810 444 S35 600 738 S40 459 973 S36 341 75 20 11 44
15 S38 674 920 S50 653 831 S25 212 173 S43 107 219 S24 733 155 S20 519 805 S8 646 382 10 16 22
16 S14 850 445 S47 964 646 S19 736 6 S17 444 822 S41 460 115 57 7 95
17 S7 375 592 S44 935 207 S21 571 698 S13 417 272 S4 859 926 S25 212 173 S43 107 219 S22 94 210 37 4 72
18 S2 342 56 S9 974 582 S32 213 894 S30 76 70 S15 172 937 S39 712 826 S27 909 366 S14 850 445 21 10 43
19 S18 118 2 S11 859 206 S17 444 822 S9 974 582 S31 300 192 S16 815 774 S28 425 855 10 26 20
20 S5 358 273 S22 94 210 S8 646 382 S44 935 207 S38 674 920 S9 974 582 59 4 79
